
x		f(x)		fprima(x)
0.000000	0.000000	0.000000
0.002000	0.000006	0.006006
0.004000	0.000024	0.012024
0.006000	0.000054	0.018054
0.008000	0.000096	0.024096
0.010000	0.000150	0.030150
0.012000	0.000217	0.036217
0.014000	0.000295	0.042295
0.016000	0.000386	0.048386
0.018000	0.000489	0.054489
0.020000	0.000604	0.060604
0.022000	0.000731	0.066731
0.024000	0.000871	0.072871
0.026000	0.001023	0.079023
0.028000	0.001187	0.085187
0.030000	0.001364	0.091364
0.032000	0.001552	0.097552
0.034000	0.001754	0.103754
0.036000	0.001967	0.109967
0.038000	0.002194	0.116194
0.040000	0.002432	0.122432
0.042000	0.002683	0.128683
0.044000	0.002947	0.134947
0.046000	0.003223	0.141223
0.048000	0.003512	0.147512
0.050000	0.003813	0.153813
0.052000	0.004127	0.160127
0.054000	0.004454	0.166454
0.056000	0.004793	0.172793
0.058000	0.005145	0.179145
0.060000	0.005510	0.185510
0.062000	0.005887	0.191887
0.064000	0.006277	0.198277
0.066000	0.006680	0.204680
0.068000	0.007096	0.211096
0.070000	0.007524	0.217524
0.072000	0.007966	0.223966
0.074000	0.008420	0.230420
0.076000	0.008888	0.236888
0.078000	0.009368	0.243368
0.080000	0.009861	0.249861
0.082000	0.010367	0.256367
0.084000	0.010886	0.262886
0.086000	0.011419	0.269419
0.088000	0.011964	0.275964
0.090000	0.012523	0.282523
0.092000	0.013094	0.289094
0.094000	0.013679	0.295679
0.096000	0.014277	0.302277
0.098000	0.014888	0.308888
0.100000	0.015513	0.315512
0.102000	0.016150	0.322150
0.104000	0.016801	0.328801
0.106000	0.017465	0.335465
0.108000	0.018143	0.342143
0.110000	0.018834	0.348834
0.112000	0.019538	0.355538
0.114000	0.020256	0.362256
0.116000	0.020987	0.368987
0.118000	0.021732	0.375732
0.120000	0.022490	0.382490
0.122000	0.023262	0.389262
0.124000	0.024047	0.396047
0.126000	0.024846	0.402846
0.128000	0.025659	0.409658
0.130000	0.026485	0.416485
0.132000	0.027325	0.423324
0.134000	0.028178	0.430178
0.136000	0.029045	0.437045
0.138000	0.029926	0.443926
0.140000	0.030821	0.450821
0.142000	0.031730	0.457729
0.144000	0.032652	0.464652
0.146000	0.033588	0.471588
0.148000	0.034538	0.478538
0.150000	0.035502	0.485502
0.152000	0.036480	0.492480
0.154000	0.037472	0.499472
0.156000	0.038478	0.506478
0.158000	0.039498	0.513498
0.160000	0.040532	0.520532
0.162000	0.041580	0.527580
0.164000	0.042643	0.534642
0.166000	0.043719	0.541719
0.168000	0.044809	0.548809
0.170000	0.045914	0.555914
0.172000	0.047033	0.563033
0.174000	0.048166	0.570166
0.176000	0.049314	0.577314
0.178000	0.050476	0.584476
0.180000	0.051652	0.591652
0.182000	0.052842	0.598842
0.184000	0.054047	0.606047
0.186000	0.055266	0.613266
0.188000	0.056500	0.620500
0.190000	0.057748	0.627748
0.192000	0.059011	0.635011
0.194000	0.060288	0.642288
0.196000	0.061580	0.649580
0.198000	0.062887	0.656887
0.200000	0.064208	0.664208
0.202000	0.065544	0.671544
0.204000	0.066894	0.678894
0.206000	0.068259	0.686259
0.208000	0.069639	0.693639
0.210000	0.071034	0.701034
0.212000	0.072443	0.708443
0.214000	0.073867	0.715868
0.216000	0.075307	0.723307
0.218000	0.076761	0.730761
0.220000	0.078230	0.738230
0.222000	0.079714	0.745714
0.224000	0.081213	0.753213
0.226000	0.082726	0.760727
0.228000	0.084255	0.768256
0.230000	0.085799	0.775800
0.232000	0.087359	0.783359
0.234000	0.088933	0.790933
0.236000	0.090522	0.798523
0.238000	0.092127	0.806127
0.240000	0.093747	0.813747
0.242000	0.095382	0.821382
0.244000	0.097032	0.829033
0.246000	0.098698	0.836699
0.248000	0.100379	0.844380
0.250000	0.102076	0.852076
0.252000	0.103787	0.859788
0.254000	0.105515	0.867515
0.256000	0.107258	0.875258
0.258000	0.109016	0.883016
0.260000	0.110790	0.890790
0.262000	0.112579	0.898579
0.264000	0.114384	0.906384
0.266000	0.116205	0.914205
0.268000	0.118041	0.922041
0.270000	0.119893	0.929893
0.272000	0.121760	0.937761
0.274000	0.123644	0.945644
0.276000	0.125543	0.953543
0.278000	0.127458	0.961459
0.280000	0.129389	0.969389
0.282000	0.131335	0.977336
0.284000	0.133298	0.985299
0.286000	0.135277	0.993277
0.288000	0.137271	1.001272
0.290000	0.139282	1.009282
0.292000	0.141308	1.017309
0.294000	0.143351	1.025352
0.296000	0.145410	1.033410
0.298000	0.147485	1.041485
0.300000	0.149576	1.049576
0.302000	0.151683	1.057684
0.304000	0.153806	1.065807
0.306000	0.155946	1.073947
0.308000	0.158102	1.082103
0.310000	0.160275	1.090275
0.312000	0.162463	1.098464
0.314000	0.164668	1.106669
0.316000	0.166890	1.114891
0.318000	0.169128	1.123129
0.320000	0.171382	1.131383
0.322000	0.173653	1.139654
0.324000	0.175941	1.147942
0.326000	0.178245	1.156246
0.328000	0.180566	1.164567
0.330000	0.182904	1.172904
0.332000	0.185258	1.181259
0.334000	0.187629	1.189630
0.336000	0.190016	1.198017
0.338000	0.192421	1.206422
0.340000	0.194842	1.214843
0.342000	0.197280	1.223281
0.344000	0.199735	1.231736
0.346000	0.202207	1.240208
0.348000	0.204696	1.248697
0.350000	0.207202	1.257203
0.352000	0.209725	1.265726
0.354000	0.212265	1.274266
0.356000	0.214822	1.282823
0.358000	0.217396	1.291397
0.360000	0.219987	1.299988
0.362000	0.222596	1.308597
0.364000	0.225222	1.317223
0.366000	0.227865	1.325866
0.368000	0.230525	1.334526
0.370000	0.233203	1.343204
0.372000	0.235898	1.351899
0.374000	0.238610	1.360612
0.376000	0.241340	1.369342
0.378000	0.244088	1.378089
0.380000	0.246853	1.386854
0.382000	0.249635	1.395636
0.384000	0.252435	1.404437
0.386000	0.255253	1.413254
0.388000	0.258088	1.422090
0.390000	0.260941	1.430943
0.392000	0.263812	1.439813
0.394000	0.266701	1.448702
0.396000	0.269607	1.457608
0.398000	0.272531	1.466532
0.400000	0.275473	1.475474
0.402000	0.278433	1.484434
0.404000	0.281411	1.493412
0.406000	0.284407	1.502408
0.408000	0.287420	1.511422
0.410000	0.290452	1.520454
0.412000	0.293502	1.529504
0.414000	0.296570	1.538572
0.416000	0.299657	1.547658
0.418000	0.302761	1.556762
0.420000	0.305884	1.565885
0.422000	0.309024	1.575026
0.424001	0.312184	1.584185
0.426001	0.315361	1.593363
0.428001	0.318557	1.602559
0.430001	0.321771	1.611773
0.432001	0.325004	1.621006
0.434001	0.328256	1.630257
0.436001	0.331525	1.639527
0.438001	0.334814	1.648815
0.440001	0.338121	1.658122
0.442001	0.341446	1.667448
0.444001	0.344790	1.676792
0.446001	0.348153	1.686155
0.448001	0.351535	1.695537
0.450001	0.354935	1.704937
0.452001	0.358355	1.714356
0.454001	0.361793	1.723794
0.456001	0.365250	1.733252
0.458001	0.368726	1.742728
0.460001	0.372221	1.752222
0.462001	0.375735	1.761736
0.464001	0.379268	1.771269
0.466001	0.382820	1.780822
0.468001	0.386391	1.790393
0.470001	0.389981	1.799983
0.472001	0.393591	1.809593
0.474001	0.397220	1.819222
0.476001	0.400868	1.828870
0.478001	0.404535	1.838537
0.480001	0.408222	1.848224
0.482001	0.411928	1.857930
0.484001	0.415654	1.867656
0.486001	0.419399	1.877401
0.488001	0.423163	1.887165
0.490001	0.426947	1.896949
0.492001	0.430751	1.906753
0.494001	0.434574	1.916576
0.496001	0.438417	1.926419
0.498001	0.442280	1.936282
0.500001	0.446163	1.946164
0.502001	0.450065	1.956067
0.504001	0.453987	1.965989
0.506001	0.457929	1.975930
0.508001	0.461891	1.985892
0.510001	0.465872	1.995874
0.512001	0.469874	2.005876
0.514000	0.473896	2.015897
0.516000	0.477938	2.025939
0.518000	0.482000	2.036001
0.520000	0.486082	2.046083
0.522000	0.490184	2.056185
0.524000	0.494306	2.066307
0.526000	0.498449	2.076450
0.528000	0.502612	2.086613
0.530000	0.506796	2.096796
0.532000	0.510999	2.107000
0.534000	0.515224	2.117224
0.536000	0.519468	2.127469
0.538000	0.523733	2.137734
0.540000	0.528019	2.148020
0.542000	0.532326	2.158326
0.544000	0.536653	2.168653
0.546000	0.541000	2.179000
0.548000	0.545368	2.189369
0.550000	0.549758	2.199758
0.552000	0.554168	2.210167
0.554000	0.558598	2.220598
0.556000	0.563050	2.231050
0.558000	0.567522	2.241522
0.560000	0.572016	2.252016
0.562000	0.576531	2.262530
0.564000	0.581066	2.273066
0.566000	0.585623	2.283622
0.568000	0.590201	2.294200
0.570000	0.594800	2.304799
0.572000	0.599420	2.315419
0.574000	0.604061	2.326060
0.576000	0.608724	2.336723
0.578000	0.613408	2.347407
0.580000	0.618114	2.358112
0.582000	0.622840	2.368839
0.584000	0.627589	2.379588
0.586000	0.632359	2.390357
0.588000	0.637150	2.401149
0.589999	0.641963	2.411962
0.591999	0.646798	2.422797
0.593999	0.651655	2.433653
0.595999	0.656533	2.444531
0.597999	0.661433	2.455431
0.599999	0.666355	2.466353
0.601999	0.671298	2.477296
0.603999	0.676264	2.488262
0.605999	0.681251	2.499249
0.607999	0.686261	2.510258
0.609999	0.691292	2.521290
0.611999	0.696346	2.532343
0.613999	0.701422	2.543419
0.615999	0.706519	2.554517
0.617999	0.711640	2.565637
0.619999	0.716782	2.576779
0.621999	0.721947	2.587944
0.623999	0.727134	2.599131
0.625999	0.732343	2.610340
0.627999	0.737575	2.621572
0.629999	0.742830	2.632826
0.631999	0.748106	2.644103
0.633999	0.753406	2.655403
0.635999	0.758728	2.666725
0.637999	0.764073	2.678069
0.639999	0.769440	2.689437
0.641999	0.774831	2.700827
0.643999	0.780244	2.712240
0.645999	0.785680	2.723676
0.647999	0.791138	2.735135
0.649999	0.796620	2.746616
0.651999	0.802125	2.758121
0.653999	0.807652	2.769648
0.655999	0.813203	2.781199
0.657999	0.818777	2.792773
0.659999	0.824374	2.804370
0.661999	0.829995	2.815991
0.663999	0.835638	2.827634
0.665999	0.841305	2.839301
0.667998	0.846996	2.850991
0.669998	0.852709	2.862705
0.671998	0.858446	2.874442
0.673998	0.864207	2.886202
0.675998	0.869991	2.897986
0.677998	0.875799	2.909794
0.679998	0.881630	2.921625
0.681998	0.887485	2.933480
0.683998	0.893364	2.945359
0.685998	0.899267	2.957262
0.687998	0.905193	2.969188
0.689998	0.911144	2.981138
0.691998	0.917118	2.993112
0.693998	0.923116	3.005111
0.695998	0.929138	3.017133
0.697998	0.935185	3.029179
0.699998	0.941255	3.041249
0.701998	0.947350	3.053344
0.703998	0.953468	3.065462
0.705998	0.959611	3.077605
0.707998	0.965779	3.089773
0.709998	0.971970	3.101964
0.711998	0.978187	3.114180
0.713998	0.984427	3.126421
0.715998	0.990692	3.138686
0.717998	0.996982	3.150975
0.719998	1.003296	3.163290
0.721998	1.009635	3.175628
0.723998	1.015999	3.187992
0.725998	1.022387	3.200380
0.727998	1.028800	3.212793
0.729998	1.035238	3.225231
0.731998	1.041701	3.237694
0.733998	1.048189	3.250182
0.735998	1.054702	3.262695
0.737998	1.061240	3.275232
0.739998	1.067803	3.287795
0.741998	1.074391	3.300384
0.743998	1.081004	3.312997
0.745997	1.087643	3.325635
0.747997	1.094307	3.338299
0.749997	1.100996	3.350989
0.751997	1.107711	3.363703
0.753997	1.114451	3.376443
0.755997	1.121217	3.389209
0.757997	1.128008	3.402000
0.759997	1.134825	3.414817
0.761997	1.141667	3.427659
0.763997	1.148535	3.440527
0.765997	1.155429	3.453421
0.767997	1.162349	3.466341
0.769997	1.169295	3.479286
0.771997	1.176266	3.492258
0.773997	1.183264	3.505255
0.775997	1.190287	3.518278
0.777997	1.197337	3.531328
0.779997	1.204412	3.544403
0.781997	1.211514	3.557505
0.783997	1.218642	3.570633
0.785997	1.225797	3.583788
0.787997	1.232978	3.596968
0.789997	1.240185	3.610175
0.791997	1.247418	3.623409
0.793997	1.254678	3.636669
0.795997	1.261965	3.649956
0.797997	1.269278	3.663269
0.799997	1.276618	3.676609
0.801997	1.283985	3.689975
0.803997	1.291378	3.703368
0.805997	1.298798	3.716788
0.807997	1.306245	3.730235
0.809997	1.313719	3.743709
0.811997	1.321220	3.757210
0.813997	1.328748	3.770738
0.815997	1.336303	3.784293
0.817997	1.343885	3.797875
0.819997	1.351495	3.811484
0.821997	1.359131	3.825121
0.823996	1.366795	3.838784
0.825996	1.374486	3.852476
0.827996	1.382205	3.866194
0.829996	1.389951	3.879940
0.831996	1.397725	3.893714
0.833996	1.405526	3.907515
0.835996	1.413355	3.921344
0.837996	1.421211	3.935200
0.839996	1.429095	3.949084
0.841996	1.437007	3.962996
0.843996	1.444947	3.976936
0.845996	1.452915	3.990904
0.847996	1.460911	4.004900
0.849996	1.468935	4.018923
0.851996	1.476987	4.032975
0.853996	1.485067	4.047055
0.855996	1.493175	4.061163
0.857996	1.501311	4.075300
0.859996	1.509476	4.089464
0.861996	1.517669	4.103657
0.863996	1.525891	4.117879
0.865996	1.534141	4.132129
0.867996	1.542419	4.146407
0.869996	1.550726	4.160714
0.871996	1.559062	4.175050
0.873996	1.567427	4.189414
0.875996	1.575820	4.203807
0.877996	1.584242	4.218229
0.879996	1.592693	4.232680
0.881996	1.601172	4.247160
0.883996	1.609681	4.261668
0.885996	1.618219	4.276206
0.887996	1.626786	4.290773
0.889996	1.635382	4.305369
0.891996	1.644008	4.319995
0.893996	1.652662	4.334649
0.895996	1.661346	4.349333
0.897996	1.670060	4.364046
0.899996	1.678802	4.378789
0.901995	1.687575	4.393561
0.903995	1.696377	4.408363
0.905995	1.705208	4.423194
0.907995	1.714069	4.438056
0.909995	1.722960	4.452946
0.911995	1.731881	4.467867
0.913995	1.740832	4.482818
0.915995	1.749812	4.497798
0.917995	1.758823	4.512809
0.919995	1.767864	4.527849
0.921995	1.776934	4.542920
0.923995	1.786035	4.558021
0.925995	1.795166	4.573152
0.927995	1.804328	4.588313
0.929995	1.813520	4.603505
0.931995	1.822742	4.618727
0.933995	1.831995	4.633980
0.935995	1.841278	4.649263
0.937995	1.850592	4.664577
0.939995	1.859936	4.679921
0.941995	1.869311	4.695296
0.943995	1.878717	4.710702
0.945995	1.888154	4.726139
0.947995	1.897622	4.741607
0.949995	1.907121	4.757105
0.951995	1.916650	4.772635
0.953995	1.926211	4.788196
0.955995	1.935803	4.803787
0.957995	1.945426	4.819411
0.959995	1.955081	4.835065
0.961995	1.964766	4.850751
0.963995	1.974484	4.866468
0.965995	1.984232	4.882216
0.967995	1.994012	4.897996
0.969995	2.003824	4.913808
0.971995	2.013668	4.929651
0.973995	2.023543	4.945526
0.975995	2.033450	4.961433
0.977995	2.043388	4.977372
0.979994	2.053359	4.993342
0.981994	2.063362	5.009345
0.983994	2.073396	5.025380
0.985994	2.083463	5.041446
0.987994	2.093562	5.057545
0.989994	2.103693	5.073676
0.991994	2.113857	5.089840
0.993994	2.124053	5.106036
0.995994	2.134281	5.122264
0.997994	2.144542	5.138525
0.999994	2.154835	5.154818
1.001994	2.165161	5.171144
1.003994	2.175520	5.187502
1.005994	2.185911	5.203894
1.007994	2.196335	5.220318
1.009994	2.206792	5.236775
1.011994	2.217282	5.253265
1.013994	2.227805	5.269788
1.015994	2.238362	5.286344
1.017994	2.248951	5.302933
1.019994	2.259573	5.319556
1.021994	2.270229	5.336211
1.023994	2.280918	5.352900
1.025994	2.291641	5.369622
1.027994	2.302397	5.386378
1.029994	2.313186	5.403168
1.031994	2.324009	5.419991
1.033994	2.334866	5.436848
1.035994	2.345757	5.453738
1.037994	2.356681	5.470662
1.039994	2.367639	5.487621
1.041994	2.378632	5.504613
1.043994	2.389658	5.521639
1.045994	2.400718	5.538699
1.047994	2.411813	5.555794
1.049994	2.422941	5.572922
1.051994	2.434104	5.590085
1.053994	2.445302	5.607282
1.055994	2.456533	5.624514
1.057994	2.467799	5.641780
1.059994	2.479100	5.659081
1.061993	2.490436	5.676416
1.063993	2.501806	5.693786
1.065993	2.513211	5.711191
1.067993	2.524651	5.728631
1.069993	2.536125	5.746105
1.071993	2.547635	5.763615
1.073993	2.559180	5.781160
1.075993	2.570760	5.798739
1.077993	2.582375	5.816354
1.079993	2.594025	5.834005
1.081993	2.605711	5.851690
1.083993	2.617432	5.869411
1.085993	2.629188	5.887168
1.087993	2.640980	5.904960
1.089993	2.652808	5.922788
1.091993	2.664672	5.940651
1.093993	2.676571	5.958550
1.095993	2.688506	5.976485
1.097993	2.700477	5.994456
1.099993	2.712484	6.012463
1.101993	2.724527	6.030506
1.103993	2.736606	6.048585
1.105993	2.748721	6.066700
1.107993	2.760873	6.084851
1.109993	2.773061	6.103039
1.111993	2.785285	6.121263
1.113993	2.797545	6.139524
1.115993	2.809843	6.157821
1.117993	2.822177	6.176155
1.119993	2.834547	6.194525
1.121993	2.846955	6.212933
1.123993	2.859399	6.231377
1.125993	2.871880	6.249858
1.127993	2.884398	6.268376
1.129993	2.896954	6.286932
1.131993	2.909546	6.305524
1.133993	2.922176	6.324154
1.135993	2.934843	6.342821
1.137993	2.947547	6.361525
1.139992	2.960289	6.380267
1.141992	2.973068	6.399046
1.143992	2.985885	6.417863
1.145992	2.998740	6.436717
1.147992	3.011632	6.455609
1.149992	3.024562	6.474539
1.151992	3.037530	6.493507
1.153992	3.050536	6.512513
1.155992	3.063581	6.531557
1.157992	3.076663	6.550640
1.159992	3.089783	6.569760
1.161992	3.102942	6.588918
1.163992	3.116139	6.608115
1.165992	3.129374	6.627350
1.167992	3.142648	6.646624
1.169992	3.155961	6.665937
1.171992	3.169312	6.685288
1.173992	3.182702	6.704678
1.175992	3.196131	6.724107
1.177992	3.209598	6.743574
1.179992	3.223105	6.763081
1.181992	3.236650	6.782626
1.183992	3.250235	6.802211
1.185992	3.263859	6.821835
1.187992	3.277523	6.841498
1.189992	3.291225	6.861201
1.191992	3.304967	6.880943
1.193992	3.318749	6.900724
1.195992	3.332570	6.920546
1.197992	3.346431	6.940406
1.199992	3.360332	6.960307
1.201992	3.374273	6.980248
1.203992	3.388253	7.000228
1.205992	3.402273	7.020248
1.207992	3.416334	7.040309
1.209992	3.430435	7.060409
1.211992	3.444576	7.080550
1.213992	3.458757	7.100731
1.215991	3.472979	7.120953
1.217991	3.487241	7.141215
1.219991	3.501544	7.161518
1.221991	3.515887	7.181861
1.223991	3.530271	7.202245
1.225991	3.544696	7.222670
1.227991	3.559161	7.243135
1.229991	3.573668	7.263642
1.231991	3.588216	7.284190
1.233991	3.602805	7.304779
1.235991	3.617435	7.325409
1.237991	3.632107	7.346080
1.239991	3.646819	7.366793
1.241991	3.661574	7.387547
1.243991	3.676369	7.408343
1.245991	3.691207	7.429180
1.247991	3.706086	7.450059
1.249991	3.721007	7.470980
1.251991	3.735970	7.491943
1.253991	3.750975	7.512948
1.255991	3.766022	7.533995
1.257991	3.781111	7.555084
1.259991	3.796242	7.576215
1.261991	3.811416	7.597388
1.263991	3.826632	7.618604
1.265991	3.841890	7.639863
1.267991	3.857191	7.661164
1.269991	3.872535	7.682507
1.271991	3.887921	7.703893
1.273991	3.903350	7.725323
1.275991	3.918823	7.746795
1.277991	3.934338	7.768310
1.279991	3.949896	7.789868
1.281991	3.965497	7.811469
1.283991	3.981142	7.833114
1.285991	3.996830	7.854802
1.287991	4.012561	7.876533
1.289991	4.028336	7.898307
1.291991	4.044154	7.920126
1.293990	4.060016	7.941988
1.295990	4.075922	7.963893
1.297990	4.091872	7.985843
1.299990	4.107865	8.007837
1.301990	4.123903	8.029874
1.303990	4.139985	8.051956
1.305990	4.156111	8.074082
1.307990	4.172281	8.096252
1.309990	4.188496	8.118467
1.311990	4.204755	8.140726
1.313990	4.221059	8.163030
1.315990	4.237407	8.185378
1.317990	4.253800	8.207771
1.319990	4.270238	8.230209
1.321990	4.286721	8.252692
1.323990	4.303249	8.275219
1.325990	4.319822	8.297792
1.327990	4.336440	8.320410
1.329990	4.353104	8.343074
1.331990	4.369812	8.365782
1.333990	4.386567	8.388537
1.335990	4.403367	8.411336
1.337990	4.420212	8.434182
1.339990	4.437103	8.457073
1.341990	4.454041	8.480010
1.343990	4.471024	8.502993
1.345990	4.488052	8.526022
1.347990	4.505127	8.549097
1.349990	4.522249	8.572218
1.351990	4.539416	8.595386
1.353990	4.556630	8.618599
1.355990	4.573891	8.641860
1.357990	4.591197	8.665166
1.359990	4.608551	8.688520
1.361990	4.625951	8.711920
1.363990	4.643399	8.735368
1.365990	4.660893	8.758862
1.367990	4.678434	8.782403
1.369990	4.696023	8.805991
1.371989	4.713658	8.829627
1.373989	4.731341	8.853310
1.375989	4.749072	8.877040
1.377989	4.766850	8.900818
1.379989	4.784675	8.924643
1.381989	4.802548	8.948516
1.383989	4.820469	8.972437
1.385989	4.838438	8.996406
1.387989	4.856455	9.020423
1.389989	4.874520	9.044488
1.391989	4.892633	9.068601
1.393989	4.910794	9.092762
1.395989	4.929004	9.116972
1.397989	4.947262	9.141230
1.399989	4.965569	9.165536
1.401989	4.983924	9.189892
1.403989	5.002328	9.214296
1.405989	5.020782	9.238749
1.407989	5.039283	9.263250
1.409989	5.057834	9.287801
1.411989	5.076434	9.312401
1.413989	5.095084	9.337051
1.415989	5.113782	9.361749
1.417989	5.132531	9.386497
1.419989	5.151329	9.411295
1.421989	5.170176	9.436143
1.423989	5.189073	9.461040
1.425989	5.208020	9.485987
1.427989	5.227017	9.510983
1.429989	5.246064	9.536030
1.431989	5.265161	9.561127
1.433989	5.284308	9.586275
1.435989	5.303506	9.611472
1.437989	5.322754	9.636720
1.439989	5.342053	9.662019
1.441989	5.361403	9.687368
1.443989	5.380803	9.712768
1.445989	5.400254	9.738219
1.447989	5.419755	9.763721
1.449988	5.439309	9.789274
1.451988	5.458913	9.814878
1.453988	5.478568	9.840533
1.455988	5.498275	9.866240
1.457988	5.518033	9.891998
1.459988	5.537843	9.917808
1.461988	5.557704	9.943669
1.463988	5.577617	9.969582
1.465988	5.597582	9.995547
1.467988	5.617599	10.021564
1.469988	5.637669	10.047633
1.471988	5.657790	10.073755
1.473988	5.677964	10.099928
1.475988	5.698190	10.126154
1.477988	5.718468	10.152433
1.479988	5.738800	10.178764
1.481988	5.759183	10.205148
1.483988	5.779620	10.231584
1.485988	5.800110	10.258074
1.487988	5.820652	10.284616
1.489988	5.841249	10.311212
1.491988	5.861897	10.337861
1.493988	5.882600	10.364564
1.495988	5.903356	10.391319
1.497988	5.924165	10.418129
1.499988	5.945028	10.444992
1.501988	5.965945	10.471909
1.503988	5.986916	10.498879
1.505988	6.007941	10.525904
1.507988	6.029020	10.552983
1.509988	6.050153	10.580116
1.511988	6.071340	10.607303
1.513988	6.092582	10.634545
1.515988	6.113878	10.661841
1.517988	6.135229	10.689192
1.519988	6.156635	10.716598
1.521988	6.178095	10.744058
1.523988	6.199611	10.771573
1.525988	6.221181	10.799144
1.527987	6.242807	10.826770
1.529987	6.264489	10.854451
1.531987	6.286225	10.882188
1.533987	6.308017	10.909979
1.535987	6.329865	10.937827
1.537987	6.351768	10.965731
1.539987	6.373728	10.993690
1.541987	6.395743	11.021705
1.543987	6.417815	11.049777
1.545987	6.439942	11.077904
1.547987	6.462126	11.106088
1.549987	6.484366	11.134328
1.551987	6.506663	11.162625
1.553987	6.529017	11.190978
1.555987	6.551427	11.219389
1.557987	6.573895	11.247856
1.559987	6.596419	11.276380
1.561987	6.619000	11.304961
1.563987	6.641638	11.333599
1.565987	6.664334	11.362295
1.567987	6.687088	11.391048
1.569987	6.709898	11.419859
1.571987	6.732767	11.448728
1.573987	6.755693	11.477654
1.575987	6.778677	11.506638
1.577987	6.801720	11.535680
1.579987	6.824820	11.564780
1.581987	6.847979	11.593939
1.583987	6.871196	11.623156
1.585987	6.894471	11.652431
1.587987	6.917805	11.681765
1.589987	6.941198	11.711158
1.591987	6.964650	11.740610
1.593987	6.988161	11.770121
1.595987	7.011730	11.799690
1.597987	7.035359	11.829319
1.599987	7.059048	11.859007
1.601987	7.082796	11.888755
1.603987	7.106603	11.918563
1.605986	7.130470	11.948430
1.607986	7.154397	11.978356
1.609986	7.178384	12.008343
1.611986	7.202431	12.038390
1.613986	7.226538	12.068497
1.615986	7.250705	12.098664
1.617986	7.274932	12.128891
1.619986	7.299221	12.159179
1.621986	7.323569	12.189528
1.623986	7.347979	12.219937
1.625986	7.372449	12.250408
1.627986	7.396980	12.280939
1.629986	7.421573	12.311531
1.631986	7.446227	12.342185
1.633986	7.470942	12.372900
1.635986	7.495718	12.403676
1.637986	7.520556	12.434514
1.639986	7.545456	12.465414
1.641986	7.570418	12.496376
1.643986	7.595442	12.527400
1.645986	7.620528	12.558486
1.647986	7.645676	12.589633
1.649986	7.670886	12.620844
1.651986	7.696159	12.652117
1.653986	7.721494	12.683452
1.655986	7.746892	12.714850
1.657986	7.772354	12.746311
1.659986	7.797878	12.777835
1.661986	7.823465	12.809422
1.663986	7.849115	12.841073
1.665986	7.874829	12.872786
1.667986	7.900607	12.904564
1.669986	7.926447	12.936404
1.671986	7.952352	12.968309
1.673986	7.978321	13.000277
1.675986	8.004354	13.032310
1.677986	8.030450	13.064407
1.679986	8.056611	13.096568
1.681985	8.082836	13.128793
1.683985	8.109126	13.161083
1.685985	8.135481	13.193437
1.687985	8.161901	13.225857
1.689985	8.188385	13.258341
1.691985	8.214934	13.290890
1.693985	8.241549	13.323505
1.695985	8.268229	13.356184
1.697985	8.294973	13.388929
1.699985	8.321784	13.421740
1.701985	8.348660	13.454616
1.703985	8.375603	13.487558
1.705985	8.402611	13.520566
1.707985	8.429685	13.553640
1.709985	8.456825	13.586781
1.711985	8.484032	13.619987
1.713985	8.511305	13.653260
1.715985	8.538645	13.686600
1.717985	8.566051	13.720007
1.719985	8.593525	13.753480
1.721985	8.621065	13.787020
1.723985	8.648673	13.820628
1.725985	8.676348	13.854303
1.727985	8.704090	13.888045
1.729985	8.731900	13.921855
1.731985	8.759778	13.955733
1.733985	8.787724	13.989678
1.735985	8.815737	14.023691
1.737985	8.843819	14.057773
1.739985	8.871968	14.091923
1.741985	8.900187	14.126141
1.743985	8.928473	14.160428
1.745985	8.956829	14.194783
1.747985	8.985253	14.229207
1.749985	9.013746	14.263700
1.751985	9.042308	14.298262
1.753985	9.070939	14.332893
1.755985	9.099640	14.367594
1.757985	9.128409	14.402363
1.759984	9.157248	14.437202
1.761984	9.186158	14.472112
1.763984	9.215137	14.507091
1.765984	9.244186	14.542140
1.767984	9.273306	14.577259
1.769984	9.302496	14.612449
1.771984	9.331756	14.647709
1.773984	9.361086	14.683039
1.775984	9.390488	14.718441
1.777984	9.419960	14.753913
1.779984	9.449503	14.789456
1.781984	9.479117	14.825070
1.783984	9.508803	14.860756
1.785984	9.538561	14.896513
1.787984	9.568390	14.932342
1.789984	9.598290	14.968243
1.791984	9.628263	15.004215
1.793984	9.658307	15.040259
1.795984	9.688424	15.076376
1.797984	9.718613	15.112565
1.799984	9.748874	15.148826
1.801984	9.779207	15.185159
1.803984	9.809614	15.221566
1.805984	9.840094	15.258045
1.807984	9.870646	15.294598
1.809984	9.901272	15.331223
1.811984	9.931971	15.367922
1.813984	9.962743	15.404694
1.815984	9.993589	15.441541
1.817984	10.024509	15.478461
1.819984	10.055503	15.515454
1.821984	10.086571	15.552522
1.823984	10.117713	15.589664
1.825984	10.148930	15.626881
1.827984	10.180221	15.664171
1.829984	10.211586	15.701537
1.831984	10.243027	15.738977
1.833984	10.274542	15.776492
1.835984	10.306132	15.814083
1.837983	10.337798	15.851749
1.839983	10.369539	15.889490
1.841983	10.401356	15.927306
1.843983	10.433249	15.965199
1.845983	10.465217	16.003167
1.847983	10.497261	16.041211
1.849983	10.529382	16.079332
1.851983	10.561579	16.117529
1.853983	10.593852	16.155802
1.855983	10.626202	16.194151
1.857983	10.658628	16.232578
1.859983	10.691133	16.271082
1.861983	10.723713	16.309662
1.863983	10.756371	16.348320
1.865983	10.789105	16.387055
1.867983	10.821918	16.425868
1.869983	10.854809	16.464758
1.871983	10.887777	16.503726
1.873983	10.920824	16.542773
1.875983	10.953949	16.581898
1.877983	10.987152	16.621101
1.879983	11.020433	16.660382
1.881983	11.053794	16.699743
1.883983	11.087233	16.739181
1.885983	11.120750	16.778699
1.887983	11.154347	16.818296
1.889983	11.188024	16.857972
1.891983	11.221779	16.897727
1.893983	11.255614	16.937563
1.895983	11.289529	16.977477
1.897983	11.323524	17.017472
1.899983	11.357598	17.057546
1.901983	11.391753	17.097701
1.903983	11.425989	17.137937
1.905983	11.460305	17.178253
1.907983	11.494702	17.218650
1.909983	11.529181	17.259128
1.911983	11.563740	17.299687
1.913983	11.598380	17.340328
1.915982	11.633101	17.381049
1.917982	11.667904	17.421851
1.919982	11.702788	17.462736
1.921982	11.737755	17.503702
1.923982	11.772803	17.544750
1.925982	11.807934	17.585881
1.927982	11.843146	17.627093
1.929982	11.878442	17.668389
1.931982	11.913820	17.709767
1.933982	11.949282	17.751228
1.935982	11.984826	17.792773
1.937982	12.020453	17.834400
1.939982	12.056164	17.876110
1.941982	12.091958	17.917904
1.943982	12.127835	17.959782
1.945982	12.163796	18.001743
1.947982	12.199841	18.043788
1.949982	12.235971	18.085918
1.951982	12.272185	18.128131
1.953982	12.308484	18.170430
1.955982	12.344868	18.212814
1.957982	12.381336	18.255282
1.959982	12.417890	18.297835
1.961982	12.454528	18.340474
1.963982	12.491252	18.383198
1.965982	12.528061	18.426006
1.967982	12.564956	18.468901
1.969982	12.601936	18.511882
1.971982	12.639003	18.554948
1.973982	12.676156	18.598101
1.975982	12.713395	18.641340
1.977982	12.750721	18.684666
1.979982	12.788134	18.728079
1.981982	12.825633	18.771578
1.983982	12.863220	18.815165
1.985982	12.900894	18.858839
1.987982	12.938656	18.902601
1.989982	12.976505	18.946450
1.991982	13.014442	18.990387
1.993981	13.052467	19.034412
1.995981	13.090580	19.078524
1.997981	13.128781	19.122726